replicaset defult
real user sys
208.39 4.21 3.44
184.04 5.46 1.51
184.19 5.86 1.06
181.29 5.71 0.87
189.13 5.72 0.82
replicaset w:1,j:false
real user sys
187.85 6.24 0.94
181.34 5.60 1.11
183.15 5.76 0.77
181.57 5.72 0.84
183.87 5.74 0.76
replicaset w:1,j:true
real user sys
184.76 5.70 0.89
186.79 5.83 0.69
192.56 5.80 0.75
185.97 5.63 0.98
185.86 5.75 0.98
replicaset w:2,j:false
real user sys
186.95 5.88 0.88
186.64 5.77 0.86
186.00 5.62 0.87
191.88 5.55 1.07
195.87 6.35 0.87
replicaset w:2,j:true
real user sys
187.90 5.87 1.15
183.19 5.71 0.83
185.32 5.81 0.76
187.53 5.75 0.87
183.19 5.66 0.94
