replicaset defult
real user sys
258.89 4.67 1.12
241.63 4.69 1.02
241.57 4.43 1.30
243.72 4.37 1.32
269.84 4.51 1.34
replicaset w:1,j:false
real user sys
243.23 4.77 0.95
242.40 4.70 1.04
245.99 4.98 0.81
244.49 5.07 0.77
240.17 4.87 0.87
replicaset w:1,j:true
real user sys
250.17 4.47 1.29
246.83 4.32 1.73
249.45 4.65 1.25
245.71 4.45 1.25
246.22 4.68 1.02
replicaset w:2,j:false
real user sys
245.39 4.50 1.13
243.01 4.77 0.94
242.31 4.30 1.46
254.64 4.44 1.42
250.58 4.67 1.22
replicaset w:2,j:true
real user sys
251.36 4.63 1.24
245.56 4.79 1.12
243.15 4.19 1.44
244.59 4.50 1.14
245.04 4.64 1.08
